-1 -1
-1 -1
-1 -1
-1 -1
-1 -1
-1 -1
-1 -1
-1 -1
-1 -1
-1 -1
-1 -1
-1 -1
-1 -1
-1 -1
-1 -1
-1 -1
-1 -1
-1 -1
-1 -1
-1 -1
-1 -1
-1 -1
-1 -1
403.637 15
417.697 39
438.257 77
467.383 117
501.239 179
524.35 234
547.523 283
563.051 319
569.009 343
567.77 359
560.225 369
557.162 373
552.475 381
550.695 383
554.984 377
559.75 344
555.729 307
541.558 269
523.426 245
504.465 261
492.32 293
488.336 319
482.379 335
475.378 349
473.448 365
473.003 367
474.548 373
475.475 379
474.409 381
480.815 361
490.199 325
495.563 274
495.856 221
492.76 175
483.01 133
467.071 109
452.271 115
442.269 139
437.016 153
425.951 173
418.004 197
408.108 231
399.611 263
396.548 299
395.247 327
400.262 352
406.454 371
410.228 381
410.328 381
412.135 377
413.222 355
410.409 329
405.277 299
397.292 265
384.383 237
368.881 219
362.1 223
350.008 245
341.47 269
338.723 291
344.34 319
349.689 343
352.74 363
353.558 381
353.796 381
350.175 367
347.352 329
346.396 309
340.744 269
334.385 233
333.273 212
328.753 215
322.359 233
321.391 245
319.119 271
315.976 298
317.031 319
317.076 335
315.923 349
315.086 351
312.321 333
311.652 320
308.637 287
302.305 251
290.727 215
276.916 191
262.391 183
250.178 199
242.486 231
240.35 271
238.992 295
239.376 307
240.454 323
237.633 335
239.576 347
242.223 353
244.174 345
238.922 319
233.129 287
231.693 278
230.562 267
228.542 239
223.92 215
214.945 197
206.179 188
201 195
197.316 207
194.208 233
194.757 262
201.167 287
204.637 300
211.948 319
214.357 325
212.475 333
211.276 343
208.606 343
200.841 299
199.054 279
192.871 249
187.181 235
175.262 195
174.572 181
169.245 147
147.683 121
116.883 127
95.6174 163
89.7863 207
-1 -1
113.98 283
117.67 307
121.916 317
134.96 335
135.621 335
131.348 327
130.296 316
131.047 303
-1 -1
129.758 259
124.025 197
123.396 181
118.427 161
102.089 111
81.5081 81
61.4863 103
-1 -1
-1 -1
-1 -1
102.817 315
107.132 327
-1 -1
-1 -1
-1 -1
54.8727 151
53.6914 101
63.1054 89
78.1945 115
97.2934 159
111.866 197
133.596 257
138.448 269
143.013 285
145.917 303
149.362 313
148.659 313
-1 -1
134.28 249
-1 -1
141.324 165
149.973 119
160.555 105
177.171 140
187.957 177
202.305 227
209.448 259
210.557 279
210.774 291
215.308 309
215.015 307
-1 -1
-1 -1
-1 -1
-1 -1
214.586 47
-1 -1
229.126 39
240.63 119
-1 -1
248.794 253
247.852 265
246.188 291
248.531 303
248.544 303
-1 -1
-1 -1
-1 -1
257.106 157
270.253 105
288.602 69
300.568 63
304.542 79
306.961 133
307.295 183
-1 -1
308.509 273
314.805 293
315.424 293
-1 -1
-1 -1
319.842 157
329 95
336.13 69
349.908 35
362.49 47
365.019 99
364.151 159
363.083 204
-1 -1
352.612 273
352.263 297
352.204 295
-1 -1
359.954 239
368.425 195
374.419 181
390.747 135
411.575 95
429.855 73
437.22 108
435.316 171
425.944 219
419.448 255
411.052 287
410.811 287
-1 -1
-1 -1
439.763 191
451.783 147
462.987 95
474.936 61
482.883 79
479.604 127
472.301 177
460.111 213
451.944 249
446.106 275
443.322 287
444 275
451.857 243
-1 -1
472.357 181
489.732 143
509.438 107
526.457 83
533.837 101
533.077 143
530.061 199
519.24 231
508.448 259
505.075 275
503.527 275
510.45 245
520.384 207
533.514 179
536.951 135
532.136 95
522.454 63
504.44 57
484.221 89
467.257 127
452.131 167
441.413 209
432.753 251
432.832 277
435.213 282
435.217 279
-1 -1
-1 -1
433.015 153
427.223 121
420.047 151
417.166 187
413.807 225
409.01 245
407.771 251
401.32 271
-1 -1
-1 -1
412.402 179
410.606 131
398.916 75
379.159 33
361.078 29
357.135 79
358.561 151
-1 -1
-1 -1
347.829 263
-1 -1
-1 -1
352.736 165
343.756 111
326.089 71
306.643 89
302.084 137
-1 -1
-1 -1
313.901 257
314.437 257
-1 -1
322.511 164
315.864 95
298.898 31
-1 -1
-1 -1
-1 -1
-1 -1
251.673 259
-1 -1
-1 -1
-1 -1
-1 -1
-1 -1
-1 -1
-1 -1
205.079 145
-1 -1
-1 -1
227.458 247
227.039 243
-1 -1
-1 -1
-1 -1
-1 -1
-1 -1
-1 -1
-1 -1
-1 -1
-1 -1
167.15 247
-1 -1
-1 -1
-1 -1
-1 -1
-1 -1
-1 -1
-1 -1
-1 -1
-1 -1
-1 -1
-1 -1
-1 -1
-1 -1
-1 -1
-1 -1
-1 -1
-1 -1
-1 -1
-1 -1
-1 -1
-1 -1
-1 -1
-1 -1
-1 -1
-1 -1
-1 -1
-1 -1
-1 -1
-1 -1
-1 -1
-1 -1
