31.1371 1.68896
2.09723 2.38085
2.72956 3.27578
2.18908 4.53295
2.1987 5.41202
2.6212 6.14672
2.21952 7.31252
2.23048 8.31364
2.1249 11.1313
2.20513 12.2386
2.28477 13.2702
2.15756 14.1173
2.16933 15.1926
2.31464 15.9979
2.25512 16.8056
2.20025 18.019
2.09607 20.8999
2.24507 22.1165
2.12019 23.1077
2.53986 24.0086
2.14047 24.9636
2.42333 25.9222
2.43346 26.8476
7.82156 2.36621
7.92674 3.86493
7.93563 4.63923
7.94703 5.63072
8.13298 6.41483
7.96601 7.28272
7.80144 8.24942
7.83758 11.3992
7.91506 18.1523
7.86281 21.2215
8.01776 27.1029
