6 501 414
12 515 927
22 521 1084
32 526 1186
45 535 1215
67 543 1212
87 549 1237
104 553 1227
127 559 1207
153 566 1104
178 572 1053
199 575 1035
223 579 1011
246 581 903
263 581 943
277 581 943
289 579 874
300 579 913
308 578 935
315 575 887
320 571 882
325 570 901
330 569 878
336 567 889
340 567 887
343 569 894
347 568 936
349 569 924
350 569 903
350 569 926
344 569 766
324 569 472
309 581 676
294 587 829
281 589 986
270 587 1031
266 578 1025
269 566 1007
275 553 892
287 542 857
299 531 849
312 525 894
322 517 911
331 512 889
336 507 925
339 504 904
343 501 915
346 498 926
350 495 929
352 492 857
352 492 897
349 492 843
333 497 606
303 507 858
290 509 934
283 507 1016
279 500 991
278 491 951
281 483 966
286 475 954
293 469 953
302 463 897
311 458 864
318 457 883
322 455 835
326 454 901
328 453 879
332 451 901
337 448 842
338 449 785
337 449 837
334 447 774
325 447 756
315 446 781
306 443 839
298 441 902
292 434 869
286 427 854
285 421 902
285 411 834
289 404 875
294 399 840
300 393 797
306 391 901
312 389 897
316 388 838
320 385 818
326 381 785
334 377 825
343 376 853
342 375 856
341 376 871
334 379 654
318 382 677
304 381 760
289 379 808
279 376 855
270 369 772
268 364 761
269 359 788
272 353 745
278 349 839
287 347 835
293 345 753
300 345 817
305 343 805
310 341 805
315 341 816
324 339 804
327 339 863
327 339 900
326 338 823
314 338 788
301 332 771
289 328 777
281 322 801
272 314 690
272 305 822
274 294 777
276 285 713
284 277 779
291 270 776
298 266 829
304 264 787
312 264 774
322 263 772
332 264 815
333 265 799
326 261 694
313 259 678
296 255 583
277 247 634
268 243 639
264 236 622
262 231 680
260 228 683
264 225 763
268 225 792
271 224 622
278 224 633
288 226 757
296 228 687
305 228 732
316 227 698
320 229 785
320 229 805
314 226 668
300 222 663
284 217 639
269 212 658
252 207 568
240 198 570
229 190 566
225 182 659
220 171 493
223 165 606
226 161 595
233 153 620
239 149 597
251 146 749
257 145 675
263 149 710
270 148 665
279 146 718
282 150 584
290 152 616
302 150 668
314 155 690
320 161 682
322 161 737
322 159 722
290 146 440
273 143 496
258 140 500
244 135 497
233 125 449
229 121 659
228 116 599
233 109 673
238 103 527
245 104 593
256 97 559
260 99 472
265 100 421
270 105 518
274 107 336
279 111 467
283 111 438
288 116 489
295 119 481
306 126 547
306 127 566
307 127 619
301 122 443
287 118 414
271 115 444
258 114 489
243 115 491
232 115 499
222 112 468
212 113 460
205 114 420
203 116 332
207 126 472
212 130 469
219 137 466
228 137 358
239 143 459
249 146 463
257 150 451
266 151 492
275 152 480
287 154 440
294 161 489
295 162 436
293 162 486
285 151 323
272 148 409
260 143 515
247 143 533
234 143 439
224 143 477
214 148 487
206 156 485
205 162 457
206 168 458
210 180 535
216 186 492
223 191 414
232 201 452
239 209 468
243 214 423
249 222 473
254 227 459
259 229 425
265 231 404
284 235 706
283 235 622
280 235 578
259 233 370
239 231 405
220 230 407
203 231 410
190 233 500
180 236 552
175 238 627
175 240 579
177 243 517
187 245 609
199 247 607
208 249 477
218 252 492
228 255 525
240 259 676
245 261 564
253 261 535
261 261 500
273 261 534
279 265 543
282 265 629
280 265 548
272 261 493
263 261 613
246 261 446
234 262 462
222 265 463
211 271 527
201 275 540
194 283 556
190 289 501
190 296 564
193 301 512
199 307 487
207 312 508
215 317 600
223 323 642
226 327 541
233 329 531
241 330 527
248 327 437
263 330 623
269 329 509
273 329 634
273 329 628
259 330 357
243 333 445
224 335 407
208 339 477
194 341 488
187 345 463
181 351 567
179 357 555
178 361 566
178 365 551
184 372 729
189 371 578
199 372 593
213 373 632
223 369 517
235 371 660
242 368 502
255 365 490
267 365 537
271 365 568
273 366 655
270 365 582
252 367 349
233 373 417
218 379 456
206 386 517
200 393 604
203 411 754
207 419 803
211 423 782
215 428 800
218 429 799
221 433 818
224 433 796
227 435 754
231 437 765
237 435 716
242 434 723
249 429 670
258 427 630
262 427 713
263 427 690
259 427 618
249 429 578
239 433 690
230 437 733
220 441 714
213 447 701
208 453 713
206 462 773
205 467 791
207 472 802
211 476 827
215 477 810
220 478 799
225 477 784
232 475 761
239 473 752
247 467 619
260 463 683
263 464 750
262 463 760
260 463 700
246 467 569
230 469 531
219 479 677
206 485 697
195 491 708
187 501 817
183 507 801
182 513 826
184 520 887
189 521 842
194 523 837
200 525 814
206 525 811
211 524 832
215 524 796
220 525 758
226 524 743
233 524 721
240 523 706
248 521 724
249 521 734
249 522 759
241 522 590
229 529 590
215 533 668
202 535 681
190 538 709
179 538 791
171 535 837
167 529 830
166 521 836
168 513 832
173 504 822
179 496 788
186 489 758
193 484 752
202 479 739
212 473 698
222 468 659
235 463 645
245 458 689
252 457 776
252 456 773
250 455 681
234 455 422
217 464 555
198 463 482
185 468 640
174 469 755
167 466 791
164 461 809
166 455 793
171 449 783
178 444 721
188 439 682
198 435 729
205 433 696
212 432 717
223 427 634
232 423 579
244 421 683
244 421 720
244 420 714
233 418 420
215 424 541
199 429 610
182 431 604
165 432 668
152 429 727
143 425 782
138 421 844
138 417 825
141 413 859
149 407 777
157 402 746
167 397 663
176 389 578
187 385 599
195 378 526
203 373 544
211 369 566
218 367 623
226 361 544
238 357 561
239 357 565
241 357 589
237 355 542
219 359 389
201 363 410
183 365 453
166 367 538
154 369 704
147 367 728
144 363 728
142 359 770
144 353 767
152 347 715
158 341 586
168 337 563
182 333 488
196 333 645
201 330 526
211 329 516
224 329 525
234 329 668
234 329 662
233 328 547
227 329 475
214 331 508
203 329 601
193 327 612
182 321 489
177 318 532
178 313 674
174 305 505
175 297 536
179 292 478
182 286 473
185 281 523
188 279 533
192 277 549
197 274 503
203 272 447
211 270 529
218 269 480
229 266 516
236 267 564
236 267 571
234 267 531
222 265 417
207 265 416
193 264 422
179 263 422
164 265 461
152 262 504
143 261 571
139 259 617
138 255 580
144 252 618
151 248 643
158 245 584
166 243 498
175 242 508
182 241 458
190 242 515
199 240 582
204 239 516
212 237 463
223 235 471
225 235 425
225 237 535
219 233 419
203 229 386
188 226 399
177 224 483
169 218 417
163 213 478
162 207 501
161 200 470
162 196 554
165 190 511
167 185 454
171 183 509
175 181 507
181 181 456
185 181 454
194 178 416
204 179 500
214 179 521
223 179 491
227 181 491
227 180 534
220 179 474
207 175 375
195 174 433
181 171 393
166 171 397
156 168 563
146 163 460
140 157 513
138 151 443
140 146 505
144 141 437
148 140 489
154 139 540
161 139 477
166 140 456
172 141 459
186 141 384
194 143 434
202 143 389
214 146 427
217 149 450
218 147 428
217 147 418
203 145 297
156 133 272
