2.11817 3.62546
2.23406 4.66392
2.08684 5.4269
4.44785 7.47338
3.98725 8.51186
4.04923 9.14265
1.78887 11.1059
2.16838 12.2982
1.9479 13.4156
4.44661 15.9843
4.27123 17.4637
4.10582 18.4365
2.09864 20.1712
2.35029 21.3162
2.06474 22.1169
4.45477 24.0039
4.58157 25.3736
4.11665 26.2071
5.89564 3.73463
5.88822 4.15033
5.86684 5.34842
8.15226 7.56301
8.31502 8.23778
8.11741 9.48622
5.6068 11.0921
5.90309 12.2055
5.80269 13.3796
8.25749 16.2524
8.32889 17.1768
8.30726 18.3676
5.92414 19.9581
5.74565 21.019
5.88296 22.2612
7.85265 24.0955
8.18677 25.0007
8.16373 26.2694
