38.1726 2.84319
2.30945 3.24813
2.26109 4.27593
2.14626 5.40207
1.90881 7.13864
1.99858 8.22431
2.08952 9.35738
1.99688 11.4925
1.88063 12.4173
2.17268 13.4697
2.23051 16.3295
2.11807 17.4842
2.13486 18.3144
2.17092 20.097
2.19446 21.2606
2.21551 22.3012
2.25194 24.1025
2.27404 25.1951
2.15672 26.0636
8.04192 3.62791
8.24652 4.94453
8.08512 5.78837
8.11356 7.21035
8.13938 8.502
8.16217 9.64169
8.37944 11.5941
8.21568 12.3178
8.23917 13.4922
8.11849 16.3043
8.49682 17.4662
8.3331 18.1901
8.19662 20.2102
8.21917 21.3376
8.59862 22.5594
8.28543 24.6507
8.30096 25.4271
8.13567 25.9409
